40961
2
57347
57349
32783
17
49169
32789
49177
57373
32797
16417
40993
24611
49199
24623
49201
16433
41011
8243
24631
49207
41017
59
16447
16451
67
8263
73
8273
83
24659
89
16477
24671
97
41057
8291
24677
103
16487
8297
24683
113
24691
41081
8317
49277
127
131
16519
137
57487
49297
151
41113
24733
41117
8363
173
32941
8369
16561
49333
16567
57527
24763
49339
41149
199
57557
49367
41179
223
41183
8419
227
229
32999
233
16619
49391
241
49393
41203
33013
57593
251
41213
33023
57601
41221
8461
271
24847
16661
33049
49433
33053
16673
41257
57641
49451
33071
307
49459
57653
16693
49463
16691
24889
311
317
8513
57667
33091
49481
331
24907
24919
57689
33113
49499
8539
349
33119
8543
353
359
16747
24943
373
41333
24953
49529
49531
379
33149
383
8581
24967
33161
49549
397
24977
401
16787
8597
49559
57751
33179
24989
8609
41381
33191
41387
16811
41389
431
8627
8629
41399
33211
49597
16829
57791
41411
49603
41413
25033
461
25037
463
57809
467
8663
49627
25057
57829
8677
16871
8681
57839
25073
8689
8693
16889
57853
49663
57859
49667
8707
33287
41479
33289
523
49681
33301
8731
541
33311
16927
25121
41507
8741
33317
16937
8747
57899
57901
16943
41519
8753
41521
33331
563
49711
569
57917
49727
25153
57923
16963
33347
41543
49739
8783
33359
25171
57943
601
57947
49757
16993
8803
25189
8807
617
17011
8819
631
49783
41593
57977
49787
41597
17021
17027
33413
17029
57991
647
41609
49801
8839
653
33427
49811
41621
659
58013
8861
25247
8863
17053
41641
58027
49843
41651
17077
49853
33469
701
58049
58057
17099
719
49871
41681
33487
58067
41687
25303
8923
25309
33503
49891
743
25321
33521
17137
58099
757
33529
761
25339
58109
25343
49919
769
41729
49921
25349
773
17159
49927
8969
41737
33547
17167
787
33563
797
41759
58147
49957
17189
17191
58151
9001
809
58153
25391
17203
9011
33589
821
823
17209
827
58171
33599
25411
9029
49991
41801
49993
58189
33613
49999
17231
9041
9043
41813
857
9049
859
33629
863
58207
58211
50021
33637
9067
877
881
50033
883
887
58237
50047
25471
911
33679
9109
41879
919
58271
41887
41893
17317
33703
937
17321
50093
9133
33713
9137
25523
17341
9151
50111
25537
41927
50119
971
50129
33749
983
33751
25561
41947
33757
9181
991
17377
58337
9187
41957
997
17383
33767
33769
33773
50159
1009
9209
17401
58363
41981
1021
25601
50177
33797
1033
25609
9227
17417
1039
9239
58391
17431
58393
42017
25633
42019
33829
25639
1063
17449
25643
1069
50221
58417
50231
25657
42043
17467
9277
17471
9281
33857
1091
9283
1093
1097
9293
42061
1103
33871
17491
50261
50263
1117
25693
33889
1123
42083
9323
42101
9337
9343
33923
25733
9349
1163
33931
17551
33937
25747
1171
42139
50333
1181
25759
9377
17569
17573
33961
1193
58537
42157
58543
9391
9403
17597
25793
42179
42181
1223
25799
17609
58567
25801
42187
50377
1229
42193
58579
50387
17627
25819
9439
58601
42221
42223
34039
25847
9467
1279
1283
9479
1289
1291
25873
9491
9497
50461
58657
1319
9511
25903
9521
42293
25913
42299
9533
58687
9539
58693
34123
25933
9551
50513
34129
17747
25939
42323
1367
25943
34141
17761
34147
1381
58727
34157
42349
9587
50549
50551
34171
17791
42379
25997
17807
25999
1427
26003
50581
1433
50587
50591
26017
17827
34211
26021
42403
50599
1447
42407
42409
17837
1453
17839
1459
34231
17863
1483
9677
58831
1489
42451
34259
1493
34261
50647
42457
1499
34267
50651
26083
17891
42473
34283
50671
17909
17911
26111
34303
26113
17923
42499
9733
26119
17929
58897
17939
50707
58901
9749
58909
26141
58913
1571
17957
17959
58921
1579
34351
50741
9781
58937
1597
9791
1601
26177
17987
50753
17989
26183
1609
9811
50773
58967
9817
26203
9839
58997
34421
34429
59011
1667
1669
50821
26249
18061
59021
42641
50833
42643
26263
42649
1693
50849
34469
42667
59051
9901
1709
18097
34483
9907
26293
34487
59063
50873
34499
59077
42697
9929
50891
9931
26317
1741
42703
34511
42709
9941
34519
59093
1753
18133
9949
42719
18143
59107
26339
42727
59113
50923
9967
59119
59123
9973
34549
1783
18169
1789
42751
18181
59141
1801
59149
42767
18191
26387
42773
18199
10007
10009
50969
50971
1823
59167
42787
26407
1831
34603
42797
59183
18223
26417
50993
18229
1847
18233
59197
26431
42821
1867
18253
1873
59219
10067
51031
34649
26459
10079
59233
51043
42853
51047
59239
59243
10091
10093
26479
42863
34673
18289
51059
51061
34679
59263
18311
34703
59281
26513
42899
10133
34739
10163
1973
42937
34747
1979
51131
51133
26561
10177
1987
59333
34757
42953
18379
1997
51151
42961
2003
34781
59359
18401
10211
26597
18413
10223
59377
34807
2039
51193
18427
43003
51197
59393
26627
26633
18443
43019
59407
59417
34841
59419
43037
18461
10271
34847
34849
2089
51241
43051
10289
59443
2099
59447
26681
26683
10301
34877
51263
26687
34883
26693
10313
59467
26701
10321
59473
51283
2131
18517
2129
51287
26711
18521
10333
26717
43103
10343
2153
59497
26731
43117
34939
43133
51329
2179
34949
26759
51341
51343
34961
59539
51349
43159
10391
26783
18593
51361
59557
2213
59561
2221
51383
10427
26813
59581
10429
10433
43201
2243
26821
2251
35023
26833
35027
10459
2267
10463
26849
51427
18661
59621
2281
35051
26861
35053
51439
51437
26863
59629
10477
18679
2297
43261
2309
43271
26891
18701
10513
43283
59669
51479
51481
18713
51487
18719
10529
35107
10531
35111
26921
2347
59693
51503
2357
18743
51511
35129
18749
10559
26947
43331
2381
26959
2383
35153
59729
26993
10613
2423
59771
10631
2441
51593
2447
35221
51607
18839
27031
35227
2459
10657
43427
10663
2473
51631
35251
27059
27061
59833
43451
27067
10687
51647
10691
2503
35279
18899
10711
51673
35291
27103
18913
51683
10723
59879
18919
51691
43499
10733
2543
10739
2549
27127
43517
10753
51713
27143
51719
51721
35339
18959
2579
10771
43541
59929
2593
35363
51749
2609
59957
35381
51767
27191
2617
51769
43579
2621
19013
35401
27211
43597
10831
35407
10837
51797
19031
43609
51803
2657
2663
51817
19051
43627
10859
10861
60017
10867
51829
27253
27259
51839
43649
10883
35461
2693
19079
60041
2699
10891
43661
27277
27281
27283
43669
51869
35491
2729
60077
35509
10937
51899
43711
19139
51907
19141
43717
35527
51913
43721
35531
35537
51929
2777
19163
10973
51941
43753
51949
2797
43759
19183
10993
2801
2803
35569
11003
60161
43777
51971
43781
51973
43783
19207
35593
19211
27407
19219
43801
27427
19237
11047
2857
11057
27449
19259
52027
11069
60223
27457
19267
19273
43853
11093
35677
2909
60257
19301
11117
2927
11119
60271
27509
11131
60293
52103
2953
27529
2957
11149
35729
11159
60317
52127
11171
35747
11173
35753
19373
43951
35759
60337
52147
19381
2999
52153
35771
27581
3019
3023
52177
35797
52183
43991
43997
27617
11239
3049
19433
60397
11251
3061
44021
19447
11261
60413
27647
35837
19457
27653
44041
3083
19469
3089
44053
11287
52249
60443
52253
19489
52259
11299
3109
44071
52267
27691
19501
11311
3121
19507
27701
44087
44089
11321
35899
52289
11329
52291
44101
35911
52301
60497
52313
27737
3163
27739
3167
27743
52321
44131
3181
27763
27767
11383
27773
11393
27779
11399
52363
3217
44179
11411
27799
35993
19609
52379
27803
3229
35999
52391
60589
11437
44207
36017
3251
3253
60601
3257
44221
60607
60611
36037
3271
11467
60631
60637
19681
11489
3301
52453
60647
19687
52457
11497
3307
27883
60649
11503
19697
36083
19699
27893
3319
44281
11519
36097
19717
60679
36107
36109
3343
3347
3359
60703
27943
19751
19753
27947
19759
36151
11579
3389
3391
44351
52543
11587
52553
11597
3407
27983
52561
52567
19801
36187
52571
28001
52583
19819
3449
28027
28031
19841
3457
19843
36229
3463
3467
19853
19861
52631
28057
52639
44449
28069
36263
11689
36277
3511
28087
3517
36293
11717
36299
19919
28111
36307
60887
19927
36313
52697
28123
3547
11743
36319
60899
3557
44519
19949
52721
3571
36341
28151
36343
19961
19963
3583
11777
36353
28163
19973
44549
11783
44563
28181
3607
19993
36383
3617
36389
3623
28201
44587
28211
3637
20029
28229
52807
61001
20047
52817
11863
44633
11867
44641
36451
61031
20071
44651
36469
3701
11897
36473
28283
52859
3709
52861
36479
11903
61057
28289
11909
20101
3719
36493
36497
28309
20117
11927
11933
28319
52901
11953
36529
20147
20149
11959
28349
36541
20161
11969
3779
44741
20173
20177
36563
3797
61141
52951
36571
61153
52963
12007
36583
20201
12011
36587
52973
3821
61169
28403
44789
52981
36599
28411
12037
20231
3847
12041
12043
28429
3853
28439
20249
53017
36637
28447
36643
44839
12071
12073
20269
61231
28463
44851
53047
53051
28477
36671
44867
3907
36677
61253
3911
20297
53069
3919
3923
44887
12119
53089
61283
36709
28517
61291
3947
44909
12143
61297
12149
20341
20347
53117
28547
12163
28549
20357
36749
28559
61333
3989
36761
28571
53147
44959
20389
4007
53161
20399
28591
61363
28597
4021
20407
36791
28603
44987
4027
61379
12227
61381
28619
28621
20431
45007
12241
4051
28627
45013
28631
12253
61409
28643
12263
28649
4073
4079
36847
53233
53231
36857
20477
45053
4093
61441
12289
45061
36871
28687
4111
53267
53269
45077
45083
20507
61471
53279
53281
4127
36899
36901
28711
61483
28723
61493
36919
12343
20543
61507
61511
45131
53327
28753
4177
45137
36947
28759
12377
61543
53353
61547
36973
61553
4211
36979
28789
20599
12409
28793
61561
45181
36997
4229
28807
4231
12421
45197
61583
12433
28817
4243
20627
53401
53407
12451
4259
28837
61609
28843
37039
4273
20663
37049
28859
61631
61637
37061
12487
20681
61643
45259
12491
12497
61651
20693
12503
45281
28901
12517
53479
37097
61673
28909
12527
61681
4349
12541
53507
37123
28933
20743
12553
37139
4373
12569
4391
53549
45361
20789
61751
4409
61757
37181
53569
12611
4421
12613
20809
12619
45389
29009
4441
53593
4447
29027
45413
37223
53609
53611
53617
61813
45439
12671
4481
53633
4483
29059
37253
29063
20873
61837
4493
20879
12689
12697
37277
12703
4513
20899
61861
4523
53681
61879
45497
20921
53693
37309
37313
29123
4547
29129
4561
29137
45523
61909
53719
37339
45533
29153
20963
4583
61933
12781
37357
37361
37363
20983
29179
12799
53759
45569
37379
29191
12809
61961
4621
53773
29201
53777
21011
37397
12823
53783
21017
61979
61981
53791
4639
4643
61991
45613
37423
4657
62003
12853
29243
45631
37441
4673
29251
21061
4679
53831
45641
37447
29269
12889
12893
4703
62047
53857
12899
29287
45673
29297
12917
53881
37501
29311
53891
37511
53897
53899
45707
29327
4751
21139
29333
21143
4759
29339
53917
21149
53923
21157
12967
53927
12973
37549
4783
12979
62131
4789
37561
4793
21179
45757
62141
4801
45763
37571
37573
53959
29383
13001
29387
37579
4813
13003
13007
37591
29399
29401
21211
37607
53993
21227
13037
29423
62191
54001
37619
13049
54011
4861
62207
45823
37633
45827
62219
29453
4877
45841
37649
62233
4889
45853
37663
13093
54059
13099
4909
37693
13121
37699
45893
21319
13127
54091
29527
4951
62297
13147
21341
21347
62311
13159
37747
13171
62327
45943
13177
4987
21377
21379
4999
62347
29581
5011
21397
37781
54167
37783
45979
29599
5023
13217
21407
13219
54181
37799
29611
5039
62383
37811
13241
13249
29633
5059
37831
54217
13267
21467
37853
46049
46061
5101
13297
21493
5113
46073
62459
54269
13309
21503
5119
37889
62477
13327
54287
21521
46099
21523
54293
21529
13337
29723
5147
62497
62507
5167
21563
54331
46147
13381
62533
37957
54347
37967
62549
5209
54361
21601
46181
46183
54377
46187
29803
21613
37997
5231
21617
62591
54403
29833
46219
13451
54413
21647
54419
46229
62617
46237
5279
38053
62633
54443
29867
29873
54449
21683
5303
29879
62653
62659
38083
54469
13513
5333
54493
21727
13537
54497
46307
29921
38113
29927
38119
21737
21739
62701
13553
21751
13567
62723
38149
62731
5387
5399
62743
21787
13597
62753
38177
5413
38183
21799
5417
5419
21803
13613
38189
54577
13619
5431
54583
38201
13627
30013
5437
46399
13633
5441
62791
54601
46411
38219
21839
54617
5471
38239
30047
54629
46441
62827
46447
13679
46451
54647
5501
13693
21893
46471
38281
54667
30091
46477
5519
54679
30103
13721
46489
13723
62873
13729
46499
30119
21929
46507
46511
38321
54709
54713
46523
13757
13759
5573
54727
62921
5581
30161
62929
46549
21977
62939
54751
30181
21991
13799
38377
46573
21997
54767
54773
5623
62971
46589
22013
46591
54787
13829
5639
46601
22027
30223
5647
13841
5651
22039
46619
38431
30241
22051
46633
54829
22063
46639
13873
22067
5683
63031
38459
5693
22079
30271
54851
5701
46663
22091
13901
13903
13907
46681
13913
63067
22109
46687
22111
63073
30307
46691
30313
5741
13933
46703
5749
22133
22147
54917
30341
46727
22153
22157
13967
63127
5783
63131
46747
22171
30367
54949
46757
38567
38569
22189
54959
46769
46771
30389
14011
5821
54973
38593
5827
54983
63179
5839
38611
46807
55001
5851
63199
14051
22247
5869
55021
38639
30449
22259
14071
38651
14081
22273
22279
55049
46861
38669
5903
46867
30491
14107
46877
30493
22303
22307
5927
55079
38699
30509
38707
55103
30529
14149
30539
55117
14159
63311
63313
63317
46933
55127
5981
30559
22369
63331
63337
46957
38767
30577
63347
6007
22391
63353
38783
14207
63361
55171
38791
63377
63391
55201
63397
14249
22447
55217
6067
22453
6073
30649
63419
63421
38851
22469
47051
38861
30671
22481
14303
6113
30689
63463
6121
63467
47087
30703
63473
14321
6131
6133
47093
38903
30713
55291
63487
22531
63493
47111
6151
38921
63499
6163
22549
47129
14369
55331
30757
22567
47143
38953
55337
22571
55339
47149
47147
63533
6197
14389
47161
30781
14401
38977
6211
63559
38993
14419
22613
55381
14423
63577
30809
22619
63587
6247
22637
22639
63601
6257
55411
63607
14461
6271
63617
30851
47237
39047
30859
63629
22669
55439
55441
30871
6299
63647
47269
63659
22699
6317
30893
22709
47287
47293
30911
39103
22721
14533
63691
22739
30931
47317
22741
55511
63703
6361
14557
63709
39133
6367
30941
14563
6373
63719
47339
6379
22769
39157
39161
47353
30971
55547
22783
14591
47363
22787
39191
22811
14621
47389
39199
22817
63781
31013
14633
31019
14639
6449
55603
47417
39227
63809
22853
6469
39239
47431
6473
55621
22859
6481
39251
55639
22871
31063
6491
14683
22877
31079
31081
55663
6521
22907
6529
55681
14723
14731
55691
47501
31123
6553
14747
63901
55711
63907
31139
14759
63913
6571
39341
31151
14767
31153
6577
14771
6581
55733
47543
31159
14779
22973
39359
39367
6599
47563
14797
31181
47569
55763
31193
23003
23011
39397
63977
6637
47599
47609
39419
31231
23039
23041
6659
6661
31237
55817
47629
23053
31247
23057
6673
23059
14867
14869
55829
6679
23063
14879
64033
55843
55849
23081
14891
47657
6703
6709
6719
64063
64067
39499
14923
23117
6737
39509
39511
55897
64091
23131
55903
6761
55921
39541
23159
55927
47737
14969
64123
6779
31357
47743
39551
6791
39569
31379
39581
55967
23203
47779
15013
31397
6823
15017
64171
6827
6829
6833
55987
47797
39607
6841
23227
56009
6857
47819
15053
6863
15061
6869
15083
64237
15091
47869
23293
39679
6911
15107
6917
47881
15121
56081
31511
39703
15131
39709
56093
31517
15139
56099
6947
23333
47911
6949
39719
23339
15149
6961
31541
31543
56123
47933
6977
56131
47939
15173
64333
6991
39761
31573
56149
6997
39769
15193
47963
47969
7013
23399
47977
7019
56179
7027
31607
23417
64381
7039
15233
7043
56197
31627
56207
64399
7057
39827
23447
48029
15263
31657
15277
56239
23473
64433
31667
64439
39869
64451
39877
39883
39887
48079
7121
15313
31699
23509
15319
7127
39901
64489
31721
23531
31723
48109
7151
23537
23539
64499
48121
31741
48131
7177
15373
7187
7193
31769
31771
23581
48157
48163
39971
23593
39979
7211
7213
39983
7219
15413
31799
23609
48187
48193
64579
15427
7237
23623
40009
56393
23627
15439
23633
56401
15443
48221
40031
40037
15461
40039
64621
48239
56431
7283
31859
56437
23669
56443
23677
7297
23687
23689
31883
7309
48271
56467
31891
64661
64663
7321
64667
40093
7331
31907
23719
56489
48299
48311
48313
40123
23743
23747
56519
23753
7369
64717
56527
48337
48341
56533
23767
31963
15581
56543
7393
40163
31973
64747
23789
48371
15607
31991
56569
23801
64763
40189
40193
32009
7433
23819
48397
64783
56591
40213
48407
56599
48409
23833
15643
32027
15647
15649
7457
15661
23857
15667
32051
56629
56633
40253
7487
15679
48449
23873
7489
32069
7499
48463
32083
7507
23893
64853
56663
32089
40289
32099
23909
48487
7529
23917
64877
64879
15727
48497
15731
7541
15733
32117
7547
15739
64891
15749
64901
56711
48523
15761
48533
64921
7577
56731
15773
7583
56737
23971
40357
7589
32173
15791
48563
15797
7607
64951
23993
48571
32189
56767
24001
40387
7621
24007
15817
15823
32213
7639
24029
32233
56809
48619
65003
24043
48623
65011
15859
56821
24061
65027
32261
65029
15877
24071
65033
7691
56843
24077
15887
40471
7703
15901
24097
40487
56873
32299
24109
15919
7727
24113
40499
40507
56893
7741
32321
65089
56897
24133
24137
7759
56911
40529
40531
24151
56923
48733
32353
56929
65123
32359
7789
48751
40559
7793
24179
24181
56951
48761
32377
65147
32381
48767
40577
16001
56963
16007
24203
48781
7823
32401
48787
65171
40597
65173
65179
32413
56989
65183
7841
56993
32423
48809
7853
32429
24239
48817
40627
48821
32441
32443
16069
57037
48847
16087
48857
7901
7907
16103
48871
32491
16111
57073
48883
32503
7927
40699
7933
24317
16127
57089
40709
24329
48907
16141
32533
32537
65309
40739
57131
65323
32561
32563
57139
24373
48953
7993
40763
24379
57149
16189
32579
24391
65353
32587
8011
48973
8017
40787
24407
48989
40801
24419
24421
8039
57193
49003
40813
32621
65393
40819
24439
32633
65413
8069
32647
49033
16267
32653
49037
8081
40849
8087
24473
65437
65447
65449
49069
16301
40879
24499
57269
8117
49081
24509
40897
57287
32713
16333
49103
57301
16349
24547
16361
16363
57329
16369
16381
8191