39157
50221
1447
1427
1949
9001
26017
44221
12893
48821
61927
17551
53281
64091
45281
2711
25771
6151
49681
17191
43003
10531
25819
48871
33713
33589
12841
64433
31033
37853
7547
54133
25073
36293
1009
61757
52147
3389
1693
40577
48533
11159
20389
39217
42013
40787
25579
25997
26813
64879
39569
40577
60293
50021
33613
61631
63073
2957
28057
62401
6221
4751
53089
6841
17231
26249
38333
23509
63391
42473
52021
5437
31573
2341
32969
41203
3467
11353
60637
59447
33629
20297
11617
33487
18919
29303
45413
11527
27509
11261
757
61297
54679
50513
16673
21001
13723
41411
24371
45389
16937
53407
42221
431
20347
9277
61253
33521
35747
941
19973
39341
20249
46511
49411
34807
58727
827
4079
25561
46499
13249
58189
1489
62131
37363
32381
2953
4951
50671
5927
27103
18341
28751
46183
54983
54361
1601
54443
36749
28621
63803
38569
28603
42223
52457
54577
62327
38183
37747
52313
49531
17761
23531
3709
24989
31541
61381
56929
64303
58393
17863
8693
62207
4421
63317
10459
25601
53551
32621
43103
49681
10513
18043
26627
33301
61381
57493
41893
5209
39607
1493
13999
10559
4733
37171
21799
17209
35027
45569
62731
38183
33797
14437
863
49339
40813
39971
62683
25523
63311
14821
60449
48821
59557
28549
58057
11299
65183
3499
59063
9491
41957
27143
38611
64109
41947
40829
33413
397
40819
2789
9857
28649
35159
23917
40289
45641
49783
11909
62141
49199
47543
24113
36587
47501
32503
33287
19259
49177
173
34429
49223
20399
21379
54917
15901
4051
5651
14891
31517
47659
43753
20747
60443
23623
7039
26339
21647
62533
63361
47623
1571
7187
45841
42293
58153
45569
19183
41957
39607
51487
39979
59879
25537
1063
47339
3329
47657
61121
9277
32957
1847
44101
53149
35401
1723
5189
54331
15413
31729
41611
64997
48407
51683
22697
823
1289
13873
32983
25309
49891
24697
35527
60101
35677
23399
46229
4903
17471
10457
54829
60077
719
51767
59197
54121
62323
15413
59669
47653
9533
27449
30671
22109
34351
16421
18701
43753
31663
58657
23627
55469
62827
29833
40697
9181
25933
28463
15139
59771
15299
46471
63487
53993
9551
5987
43331
34259
42043
16267
51263
883
6737
30893
36857
41719
25171
8191
40153
461
47137
46639
56629
8039
17383
65497
52883
51971
37573
53777
10333
26813
52721
8597
48989
22859
12889
62987
62731
41149
51361
63127
25247
56437
42697
30293
65413
57269
241
24337
34693
62989
2153
49843
21467
55399
34613
24001
2593
30391
5167
15451
19961
27191
36107
42083
61231
60617
21503
3583
56659
16661
45013
28549
821
37567
2
42967
29873
21493
36343
49993
58967
2621
59419
29201
1433
54167
6791
58271
21617
59357
63799
743
36709
34487
19163
19697
1571
3433
26959
17863
1601
56531
55633
19681
21893
35573
43579
27259
13217
36151
60509
17159
26947
33311
8081
1811
823
11587
5827
6131
41981
19051
8969
48767
24391
33829
27253
58901
35729
42719
62233
27367
63907
7741
59149
23117
35153
41281
40531
35407
51913
61291
51829
33301
18061
40031
14449
44281
40763
1669
56437
46499
35597
27061
41387
36919
11717
64123
15131
60127
48619
45533
31357
47791
43223
17929
45281
64613
59333
13829
57287
64853
317
28151
32117
48563
26737
60017
32377
29209
30577
9209
13619
53987
1439
10343
61723
39199
57149
5119
43801
33457
17827
42727
11867
57373
49393
17191
45077
51521
25121
27481
16087
45757
20173
11003
31357
54541
2663
5869
61603
9323
1163
57917
55217
9539
47149
52583
14321
53693
39619
7673
59119
51383
22859
63419
41647
24247
1597
1979
57347
3803
48973
11171
15439
50549
8419
57331
7853
47807
12073
21803
6029
32843
61627
48299
54959
35089
7507
4639
54877
63199
30307
17807
43801
18191
29873
59077
16729
20431
12973
5689
34351
44633
39821
18313
17449
36433
5903
37049
46663
41507
23563
15727
34439
8219
14071
65003
37799
46301
35591
17137
49843
49627
33581
49367
38707
48767
10883
27997
31751
57991
13103
40993
50587
63347
17791
58831
28283
20627
2617
1621
5209
12823
16417
37991
33161
59779
16567
54869
7433
211
15131
6073
19333
45659
9677
12781
2939
29231
4813
37691
17807
24097
47501
22303
58997
45613
65449
25073
29137
37657
53401
53401
36479
18899
1867
33599
16141
43271
54251
25057
54773
52183
14057
6299
41333
20849
2609
26083
58049
40169
15107
1091
53719
16301
49853
28123
17191
59107
4513
57839
39937
4987
31253
4493
34939
23531
769
6577
53549
2897
9601
11131
6521
7039
44657
51749
49531
10433
43093
8819
53479
60497
31063
38783
65011
25073
62851
53327
49549
34141
33623
17837
26437
54829
30871
56237
3697
46073
61673
62201
58189
971
24109
38011
3547
52433
10289
54493
5501
62633
60083
22067
31249
10607
47111
1721
50551
60649
51071
28867
6007
3617
19841
12503
59243
41507
23719
4931
443
47237
22291
21383
18869
20201
52301
27947
23581
22769
60397
54167
13567
23593
22447
5471
5147
23159
21751
23057
57601
32603
8387
51941
64439
61543
14081
14081
50047
23399
2251
48571
27061
15919
23537
25343
37441
31769
5981
35677
6449
173
51461
60607
58067
56207
57601
241
1973
31963
9377
23993
2089
38561
9281
28753
41641
43037
54851
7057
37181
29453
15773
50177
51971
7691
41981
2713
32029
6163
1747
1069
29401
52567
3307
7793
20717
61333
1361
22159
2957
15319
6373
49201
61909
42139
31567
36847
48907
65371
7151
22283
19259
38791
50333
31547
30137
63473
41387
9091
37591
55829
49927
46957
41603
36901
63493
9949
18899
12541
2749
41389
46187
48779
19273
52937
63913
4447
16417
32423
48121
16363
15607
20477
17519
25621
24919
4349
5023
61933
56437
50129
28789
599
523
12323
2531
12281
42019
44887
37811
34757
20959
27779
97
49823
36497
25763
42239
23131
39929
12647
32533
61651
50551
39887
42697
24611
22039
37537
9767
42703
64891
58049
10837
49003
51287
43963
5231
42061
55103
39181
21851
5861
40529
51061
31019
3623
43451
26119
60647
30497
48121
36161
25343
48407
65027
63521
43451
9133
56179
2503
36109
32579
16901
37889
12799
48157
18253
42379
9973
60631
50707
251
9839
49991
37049
44963
57923
64151
55217
10723
62761
25471
10079
43759
41579
31151
9293
47737
10711
16927
41117
15583
12487
5501
51607
52391
34147
17837
5113
4079
17077
8609
17573
10463
13063
39551
11383
34603
53819
17167
58417
16699
53939
5119
20101
877
59629
34883
42797
13693
6857
42841
27653
34303
32653
39581
27283
35729
63463
61703
31541
3163
19051
25541
6581
63179
4337
10163
797
14879
42703
15313
55921
18439
20759
1831
57287
3511
5693
50929
797
34367
10837
48313
54167
62591
54973
54001
55291
43399
15149
51283
24329
6491
45523
49711
57943
34157
45523
42953
4909
23819
52027
25537
37159
20963
12743
31883
19751
60859
44089
36671
12809
1753
52153
193
34981
15227
28909
64817
55511
34747
61409
31973
22193
58151
563
1187
6781
32363
62039
3391
36107
28619
19759
29881
6007
51647
46327
50923
15581
41609
48767
41543
22637
57149
45013
9239
8861
52379
11171
39301
2081
6469
35053
64661
48121
61153
40627
61643
49549
509
6379
56081
12437
13807
58831
62129
56009
30539
5591
42697
26759
42571
11057
16883
48239
33071
55681
18307
46273
10159
12527
54751
36319
30389
29333
27509
14401
16111
4561
37783
27967
57839
19457
54001
61547
31657
12967
57173
10651
18269
20089
1669
39047
45893
27127
36997
4133
27803
12553
12011
37997
22531
64451
2753
61001
3407
59167
43649
2297
56009
38149
10079
8863
3391
64661
56897
61681
17573
29327
9817
11597
59747
65027
34319
26711
44087
50923
54403
26177
58543
17033
47237
571
64763
42181
7213
33961
10903
2543
43499
17761
50951
1709
29927
46099
22063
32587
55243
2909
63353
27767
35449
51803
19207
14747
49177
32003
31907
32257
30119
63103
5413
23633
10133
31079
49739
15017
29867
9479
16139
41011
45191
5701
54403
6829
48787
22013
14563
61631
9067
15643
50581
26417
57073
41597
19963
28109
14939
32353
63127
24499
57991
5399
6857
59417
28201
15017
59467
17747
26813
7541
30661
59377
56713
21563
53267
61297
17209
25601
769
64601
6949
65063
24509
17959
53267
2003
51581
23473
30307
13421
60413
5399
16603
27943
53051
53323
2153
4513
15671
33713
24733
48163
1997
26183
61987
50129
30241
59611
58031
4877
56533
54767
48311
34127
3137
18517
11801
63487
37357
21523
64327
44909
9293
46807
36073
37277
21559
32309
22871
233
60679
16747
20047
1801
7877
41399
601
10391
47569
9173
48487
63559
5641
18287
28069
37579
58679
52567
37663
53857
30161
58231
47363
48313
12917
8111
59233
33311
60679
45953
61933
4211
24677
50153
39709
16691
12007
22157
33427
52379
12611
45137
31907
25153
12611
41213
55663
2251
33563
58727
48817
16369
36871
4483
29251
32503
30871
52541
46549
10139
2089
41011
36559
12071
17929
41593
2423
52253
49003
54421
827
20521
2503
36899
60763
16871
29803
64921
34327
56633
41141
50119
12203
53633
39239
6491
47543
5839
57791
12433
17749
31019
57601
54287
48761
5659
4481
26107
33629
21683
38371
1193
33119
53269
33247
49297
36017
34211
21727
7369
12553
46181
16673
15319
47087
7933
38567
60041
18251
47363
47819
11261
32647
63719
46171
39847
58603
27779
49393
13523
28571
36833
49757
6389
2113
37781
13121
43987
46687
27883
7457
5527
23627
51839
21139
38317
8513
36497
40037
38711
33149
29761
2473
45197
54311
16127
47309
24977
26407
28603
24623
59833
14071
1493
5059
13591
63691
32579
13513
61991
59183
64879
41911
26801
52901
11311
33641
5113
22691
45979
13967
331
32413
15809
50671
37021
35291
18199
51511
2803
54583
463
55639
50909
31357
51913
26003
16561
1367
22709
57943
32173
44179
4177
52147
62477
17383
50923
50849
33403
57977
19699
20219
2693
48449
24419
58997
34721
49417
4513
5209
40387
47543
41257
4349
3911
24631
31247
11119
57427
2357
9467
53233
3739
43951
41893
5039
21407
61363
23539
19163
44179
21991
63691
27763
7193
36923
18517
4373
8017
42649
9439
60793
11423
22367
11057
7121
33967
33703
54601
28309
19813
60631
10459
13613
2381
33773
13309
1093
54949
8663
57809
5741
63793
1499
30971
4229
13721
39883
10487
44351
41491
52691
15773
22699
29663
6073
28001
27779
46691
63199
11159
25793
12917
42451
30853
46181
58217
11743
19267
55987
12149
19801
56477
25799
51577
19543
4583
26597
52817
7237
32587
20389
60497
7213
63659
22481
48497
3361
55001
31153
3919
20297
50387
7487
7639
60589
5683
46441
16619
31687
43609
57191
35023
47363
23819
53629
49633
43783
51349
59879
27697
48953
49121
827
619
32561
56239
22079
51673
31123
48661
4793
29453
42667
26701
4231
13127
7607
44119
24671
23909
19979
32203
34469
32789
24439
34649
34499
19973
8699
64237
61441
36277
32621
19843
617
22567
24547
647
42793
15427
24091
37573
41539
64171
51949
62971
9151
23041
16481
61409
43133
55441
22447
40879
21493
2927
54577
36479
29033
19433
18443
55127
39509
48619
49369
25121
26293
63601
31013
29333
2927
59581
5077
11887
10133
51287
3167
33521
61333
18679
42257
541
20399
43117
33749
62003
62753
22679
33413
24133
65033
10627
30931
26729
31573
50051
45553
32537
67
5903
40499
25759
467
20899
27067
26141
59539
24977
40189
6841
58921
10007
49603
59453
12433
45083
21929
10333
39461
27539
48179
13873
56197
33757
21601
44053
54443
6473
36263
14957
49481
22669
57601
32687
42667
57271
22123
64633
28663
62617
34483
53441
13037
30703
31721
37501
23761
937
25189
9127
9533
30643
32321
59443
27067
48437
19819
44207
15319
1667
25303
62743
28723
11953
50021
25321
54419
52711
6977
28163
9491
54403
28319
26203
4027
30509
22171
3541
39397
14983
34147
51131
57457
16073
24109
15013
17609
13597
8753
4211
1033
6323
45389
59393
3391
46307
3923
63179
2269
14519
22613
24179
31771
27701
7393
54647
29527
41627
24029
27739
4409
21529
58601
149
32833
63353
55603
29327
42451
35401
23687
17827
17471
54293
36761
3607
34673
44987
55927
21787
48563
61231
34687
45817
31159
41813
8543
60773
63907
30161
26681
47051
37517
49877
38953
59113
26759
32713
63611
29581
38449
51059
44651
6983
43573
59221
46619
24473
34123
8803
1091
51721
6133
51133
63487
39769
8969
56843
4831
41519
46181
17581
46187
33751
58967
44867
51797
12809
19507
29027
8783
60821
50333
13859
9817
25889
48383
37561
641
16333
65419
29873
6131
56131
44867
12041
42697
10753
60703
48079
31159
20201
27893
31657
3271
3163
31079
20771
18401
787
52147
57689
20117
34679
1289
28559
37607
9413
38183
32213
17377
2687
16411
14431
21751
51941
937
43457
32561
64091
4523
64579
8629
43019
18311
51479
29947
40387
1823
15797
27773
17981
39829
32999
20431
34739
51263
21503
47051
55673
5419
61681
41413
8461
32443
26387
44563
43159
53359
46099
45757
33797
63337
17939
33119
39877
63067
50093
11839
17911
4643
23993
61441
49277
61091
34337
20543
47591
1823
83
38851
31153
6779
6373
38611
18701
29599
57119
55639
42323
38921
43541
47389
40841
30313
49921
64319
373
9871
54469
6571
57301
33601
37489
46861
40577
38149
61403
59333
8783
32341
24151
32563
7013
47809
50849
38749
3919
48221
21061
15667
47843
16361
57593
39979
33071
63559
57917
46679
25913
4877
55901
11867
23689
11411
28447
24763
57737
18979
58237
11593
11953
27067
52561
15083
9587
54601
36973
10753
43783
51787
41023
14249
19819
4153
61909
26947
20407
37549
30467
13907
43049
37987
26683
9343
6317
47149
9941
19457
53407
1367
56093
36563
33767
56099
40819
31231
2633
11239
28163
22973
5573
9539
20201
16363
59021
20173
15791
51607
17891
55001
50497
39397
36037
33149
36571
36791
6247
23039
23669
24533
27983
983
7853
49727
57853
23531
16787
57859
62297
14831
21587
46307
30851
65413
49957
61837
2819
5869
38873
55217
49451
26449
58687
31699
25073
2351
17021
45341
1483
10433
52453
16943
3617
51991
48409
12889
11689
47869
36919
9029
56131
12781
5741
4657
64489
60719
51479
21019
8887
41729
61637
18661
22501
29153
83
16519
11579
5419
1861
35837
739
24571
38239
34519
20507
401
43487
449
15139
49853
22157
44123
11393
61879
55967
38977
32189
21143
45083
18521
34487
3001
17029
41957
7219
12011
50873
9967
3167
57809
61979
33589
8741
56999
53401
26683
61031
33413
24977
32999
38767
40787
25733
6529
47977
64091
15667
23753
45403
30223
63377
24391
26921
16349
1787
43651
50159
44519
49199
53849
24691
14107
307
39451
27143
30223
40739
29921
5657
34171
30529
52733
21683
39509
331
47251
36313
63473
7541
44257
58907
7927
23203
57283
26431
17683
36997
10079
40493
51767
14081
13873
15919
61471
63589
64033
3163
51683
62597
15733
50177
40253
60289
48523
15817
8783
60917
49391
21397
53917
18119
53993
19841
28859
9439
3907
46727
39989
29527
9029
8243
63773
42839
6203
36901
65089
42709
9011
15907
58271
24061
62501
49853
2621
47819
61909
28057
7523
28559
7487
1601
24061
59149
29191
44519
36083
50993
8297
22051
7331
64453
11489
22189
2383
62327
10037
51637
19489
26959
9479
22147
19853
24691
16529
47563
1291
25733
3779
43759
55079
5471
55817
62701
11897
28807
29429
13829
19801
15121
63353
2347
40519
63823
17491
58013
45673
26083
881
23719
42787
27061
9781
36677
63901
3793
8807
63697
36677
29383
61961
56197
20359
45337
51329
41659
30539
13759
20983
40507
27479
57649
40093
25639
617
39679
22391
57329
30203
19531
48907
52631
13183
19919
42373
29759
30491
40559
25349
7193
22871
14669
21601
34429
27281
62549
56783
22783
47947
34739
19447
57221
63977
46411
36451
29191
5381
14011
44987
52267
34351
28027
9187
63347
18143
55763
26981
55933
28591
11083
42379
17203
27091
1091
9679
65119
26777
13217
7541
13007
19031
51427
51949
38651
29611
52639
40063
30577
32429
4561
4339
53269
44453
43711
43051
47057
9403
12823
54767
32213
8081
17477
29927
63361
65027
54037
17209
64621
14281
46769
61169
9283
26479
9001
22783
33941
27241
28163
37313
47143
61169
17
56207
10301
59393
51929
19163
16661
21491
51853
23539
7691
18661
59263
36341
53681
21101
13001
52673
6337
34807
58693
36847
39791
43261
52859
63391
18133
8747
26479
27211
50033
61291
18229
50599
50647
40961
43951
36277
11587
25943
44633
35759
48623
20233
50087
5087
4297
4987
53407
29387
23369
48341
59663
41801
22027
1223
59671
19069
59107
1033
13931
35419
58687
48947
13901
19501
59693
28591
11743
20357
44621
19469
27809
26993
28789
51487
17027
17011
50093
47317
2309
29179
44041
13217
51713
22859
7219
1117
36319
24251
23333
6521
53887
439
28793
63337
45989
46687
37447
61933
59239
8419
53549
18517
15101
7793
20963
3539
13381
7321
35809
17923
31231
7127
7933
45307
30707
32261
5749
48311
9587
26083
55921
17191
41201
31981
46447
23371
14723
53239
13679
41257
48131
43717
50773
49003
28541
7727
57653
11159
11827
14293
11149
43117
62591
5333
29437
8707
43997
20707
991
44101
64381
10513
63781
23549
359
18913
2297
10103
61609
12671
4219
15391
39251
39341
38699
28277
21493
1709
22637
57041
3517
23531
19373
26627
42043
45181
419
43159
42767
18041
53281
38053
62191
7039
50833
47713
12611
42379
21859
33331
46633
28547
62971
57269
35111
49529
46489
37139
58067
19919
35323
63629
22133
32401
63629
20071
64223
16477
1567
25183
19421
44839
38903
28753
12893
29633
34649
59273
38953
28411
46219
26189
43691
35509
22963
34519
36307
25561
53917
41231
7489
4201
12781
63607
32693
1381
34483
1499
11149
15643
22067
33797
877
53831
8087
29423
44449
53593
37799
62939
31991
12973
48907
40163
12973
49459
18311
51043
57073
10739
59981
151
2797
12503
36383
7823
36973
7193
55147
1471
65171
41729
1087
51439
28771
6247
38677
25153
8543
8681
32633
23789
18749
33149
58207
43003
1223
63397
24223
6271
17467
14639
53693
8317
22549
14869
23279
56239
4583
26459
18743
1291
33997
103
38993
50651
28711
4111
6661
11399
29201
51047
36293
59693
41801
14779
55931
42451
13627
42767
52259
1783
59009
27449
63391
57329
52177
60077
27107
1693
17383
7759
349
46451
7919
41959
32647
28759
54091
11161
2441
33331
28439
36901
56909
35129
17737
7993
28001
19139
1103
23117
28151
50741
31667
28081
7933
13297
31771
54449
63131
14401
38861
11689
42767
35797
44273
46633
6823
26497
21397
10391
4877
21589
3911
17239
54617
18713
10039
60091
60337
13159
41957
7039
46499
5693
23039
46877
64783
31607
61981
131
58693
63367
14741
53327
28439
4597
34501
3517
33469
2069
15887
16993
61609
1021
39953
65357
56009
56989
33529
11779
31847
14969
47507
19501
24799
39251
59669
55987
7703
41681
49891
2857
2213
62549
55331
27067
4349
15277
26153
4703
11503
46591
569
3847
4229
6703
37097
24733
29669
15761
39103
8539
227
6581
49463
14869
59377
5749
16267
63601
4993
48247
4937
17377
49069
36637
31193
29723
12619
56923
45197
10973
61643
3109
3331
14683
11251
17027
39727
60317
39869
9281
137
5021
46877
33053
44519
36277
48857
28649
37831
11057
51869
29201
60899
12241
19273
64189
10639
51151
7621
59011
6211
48091
16007
49939
44507
38699
46601
50581
59011
17029
1789
26717
22063
23447
39887
54419
49009
30881
55711
64091
39409
26513
26407
43541
22717
9109
65147
32099
49667
20297
5503
30859
30493
58403
17401
17027
33613
59207
51691
51203
20393
26863
51719
64577
63409
52609
8317
32779
52057
28229
29059
63901
26959
35051
45641
46477
28439
65449
35023
55103
45481
40177
39769
16927
881
1801
63737
21319
24979
13513
27943
12401
33811
20341
24659
59581
42451
769
13873
61409
9341
25759
52067
17491
34703
36307
19001
11287
7577
20029
7669
55871
46229
34351
41177
49681
35363
51749
41609
23059
17657
30011
4783
45631
15859
6163
23209
33203
53527
32261
29063
59509
38201
16477
54983
31337
48787
39679
24419
8999
53699
23293
52027
25639
56383
16477
61909
13151
2293
26431
30689
61879
34511
61561
52163
36229
13451
18169
10301
467
521
17
51439
61667
11743
45077
15749
1873
45361
18443
39979
38803
60397
59419
28901
21061
58391
50671
12421
27919
17377
22039
32321
13597
24077
54347
127
65323
23971
12227
24181
40031
36389
28901
18773
18061
21379
60679
35339
56993
51503
37897
52177
32303
5783
1741
11329
701
21319
18517
45377
34781
3463
52289
26861
63659
48271
37847
42901
56519
17203
57179
9319
26987
9067
45439
14851
26113
3061
40597
64171
373
56249
17837
379
18593
18679
10429
46819
32353
28547
30241
42457
6863
55849
51691
34673
36913
55967
30649
31667
53923
13921
19997
19237
971
9377
11279
37783
11069
29123
51349
3677
17053
15817
20809
45161
64661
41467
29959
36013
73
24203
32783
30781
46451
56767
54469
3169
33547
13241
31151
4679
63473
42709
59
647
51769
62723
63463
547
23497
57781
25793
59407
48757
64013
27767
11117
27427
8597
19853
46061
167
33151
14149
5851
59957
30971
60637
55439
49523
5639
51673
50291
45841
47221
30091
12979
58189
28517
62297
15173
51151
7639
463
62971
21937
58109
18839
38959
2377
22063
13729
6053
10993
12527
10601
51283
62311
34603
6299
52201
8747
8297
62921
47149
63647
47563
53759
1583
64579
51283
56167
46411
44777
21529
31849
14341
58027
14369
1483
38567
25411
50539
6841
4441
39883
43597
7547
1987
1493
52127
58937
15877
30047
4759
11519
7517
45631
89
24373
61751
23
6481
62507
39499
21211
27767
63131
35899
60223
56443
23557
6007
27281
271
47977
31051
63499
30161
37591
50359
46769
36947
26251
48463
15581
61153
24967
37951
11909
44351
48787
17729
41221
34421
63281
15761
6481
38053
3163
41387
39443
39367
36109
24407
26317
8731
38861
62731
65293
7459
33037
15149
3251
56923
26861
59167
47269
6991
31607
15803
5869
63313
40237
131
22741
20297
41879
12517
46771
22157
38239
56123
37619
64237
15607
24889
31139
15233
8521
5647
34211
35897
6961
3463
12377
28289
17099
19661
47911
1997
3271
48563
2663
39359
19717
55603
23899
56629
26849
9043
61379
56963
33931
32633
5431
41813
37123
17977
2957
6287
33767
39581
22961
7349
6679
5101
51607
919
17839
41887
19207
20509
23017
62929
1831
44641
64123
21737
45541
48311
15013
28579
19457
15121
8269
65029
19447
4703
10313
10691
33161
24659
18679
57077
47977
20507
9467
43283
3049
25933
30313
62003
36493
58967
25037
28597
5011
52783
24317
44893
22189
13537
5279
57689
14747
13217
42131
1987
8923
10429
11579
6553
22861
52259
3167
10499
47699
857
18121
10711
18749
6947
36083
3947
26177
28319
12409
37813
23087
52391
59333
19031
16369
42821
46997
49033
23689
39239
27211
44531
4787
62297
12953
13567
30703
28097
12101
63587
24671
15263
8117
5953
40387
51481
59929
2281
14929
8923
10831
32321
10831
37019
53717
33721
60899
15373
16567
28711
44203
47501
41149
2039
43777
16693
55661
62633
4129
43649
14149
3023
49069
14323
26479
14653
50923
12497
52529
28631
32429
22307
1871
331
19219
63499
48817
39679
56443
50513
26557
1103
12289
28643
18097
60539
12073
41213
34939
13537
40433
28181
31271
33961
7013
4751
7297
6521
32089
22787
46061
41381
54787
7187
25307
8377
57853
61813
44647
199
59243
10687
11173
23629
4243
863
53147
56131
31379
26951
26393
5749
33589
5387
50033
32233
4073
17449
52183
13841
24407
37811
52553
53899
13799
28027
19717
1399
41597
48817
59141
6779
26111
21377
21227
13723
30677
15013
27259
14557
22093
23677
41801
15017
42899
18191
50839
17573
22639
38567
11069
36131
3083
233
55337
17471
25247
53783
13003
13121
10211
11699
27617
28687
13913
33757
25033
21613
35803
18379
36493
25447
15619
14797
21737
41893
59219
64627
55229
65309
47743
33311
6599
53617
8831
36739
49277
57859
55799
991
46687
59561
773
45361
59581
15149
19423
15541
54419
53639
40487
34267
24379
2381
25523
1997
20431
40577
47207
61553
56437
17417
1123
27739
58013
54001
39709
6271
563
8273
179
50593
16937
32789
22273
14771
157
47939
44101
89
57487
43517
19559
26347
54679
3457
27529
22769
42179
197
53017
3167
31081
58379
11117
14159
9227
34267
36263
52457
56311
39209
53113
5167
50893
50891
18049
26237
33191
24943
59183
24359
41011
21997
6101
631
5779
29153
24239
10861
37693
24151
51593
41927
19949
20389
23753
823
18379
62207
281
2003
48857
54011
1051
11981
40471
2543
42061
19219
57667
22619
27509
44029
51713
3637
61547
58991
3863
34961
49279
61357
54413
7901
51487
34877
29611
60293
33287
49451
27893
27749
467
5167
41621
13751
1069
65011
2579
47431
49331
36979
9133
42073
8677
25033
47293
16349
97
53959
35603
33091
45959
2861
15083
63463
51481
29063
49871
3797
23609
22721
63031
57809
60589
383
7297
5281
24239
21613
11597
4789
57131
13049
21839
8263
17431
6263
24239
57251
10289
53857
39341
56951
26833
51059
8689
4999
109
37363
23039
3511
49921
31327
12721
35053
47911
63671
829
39341
49463
48371
54517
2003
21613
35381
48787
54293
62311
58057
51539
22669
12391
31583
30781
49117
38737
32353
16061
58909
55163
10301
22453
58451
15443
36343
24733
29327
3251
1193
10427
13933
29387
34781
58417
4177
56149
55049
65381
48119
41299
32563
7817
55171
25657
52183
37781
10663
61991
33857
48751
46957
1997
6133
59581
20431
47777
25537
37907
18593
18679
32251
3253
62143
23059
13049
11681
20939
41957
13163
5099
43661
25679
19381
57131
26959
13171
24989
12143
25169
11497
22051
23011
54403
28843
35509
63809
1381
54851
25667
34757
11897
12041
20353
35107
63421
33023
7607
37039
71
19051
16889
36529
58831
61553
11437
33529
61153
32531
35257
53231
53233
31573
7907
1091
17791
6529
27449
28837
62477
40093
43781
9343
35407
49801
62141
2777
28403
65029
22571
22721
16433
63997
56983
34537
45943
43669
30703
6257
14051
49037
33311
12289
47737
25747
55817
10163
50651
25229
6211
60217
33287
1181
17573
11497
1489
36479
26387
9929
60337
56081
62723
32719
52289
21341
3923
26597
10099
62219
23627
61637
42403
47819
16993
60077
40471
29803
34429
17107
24001
28711
19141
29611
44549
397
53773
35911
8849
15739
13967
60077
40813
45053
11959
57269
57301
13009
52817
34421
17483
32083
47599
17137
64499
38669
63067
9479
13933
32783
39511
7499
14869
22709
48311
49531
28349
12791
17317
56599
30181
49081
56527
31081
887
131
33809
64489
19751
63977
59557
16871
22027
42019
10313
49811
35999
26959
21013
43517
38747
34283
11549
1373
40993
45841
9901
28201
8171
38281
3613
4987
11149
35839
26813
5479
37061
3221
38287
22613
27509
38903
9337
62939
19079
39251
9463
48751
45587
47363
41761
13907
21727
23291
4357
54667
23143
28283
7829
58049
33547
43189
22433
37693
9511
11171
40933
33587
27407
33427
5413
54371
31081
25943
8863
8167
5039
32423
54727
49669
9137
53891
20107
22259
49801
17167
5501
33937
15683
55117
16301
1279
44017
2963
8369
28933
39983
12409
14621
4447
7487
50513
9967
22783
3023
9403
3559
40879
48187
8951
28087
37361
32009
12689
49787
44131
38113
27581
54401
9769
48533
20047
41453
38189
25633
11383
55843
54139
42899
2617
52543
28837
53899
33317
53777
24967
10657
1097
2953
43597
59359
23059
31063
5279
34607
59567
52543
7499
42719
32587
1031
29401
38851
14827
24097
7727
1427
51803
27211
42017
54917
30757
26701
21419
52249
56179
9949
41521
39541
44111
36523
35339
51929
45137
64663
1867
27743
3821
51437
56633
50591
6299
60607
14557
7417
45589
23719
14423
27271
41081
54269
3517
50777
57193
63487
37607
14747
3779
18427
62297
18451
1259
11173
55793
137
29611
40039
58909
36583
1181
64403
22067
61493
20161
367
51907
40123
9901
37253
19861
57037
25931
60961
55813
4139
29269
23669
30839
31721
809
19699
971
63421
51721
29867
6961
32413
33563
41399
15401
32233
48409
39703
21821
60161
42139
6679
50263
9227
36943
56123
62423
20051
37397
63587
44563
46589
60397
65213
16831
20173
31063
9467
56099
40499
15053
56543
39161
33343
56401
40253
33181
51829
41411
15137
27799
23159
43577
1453
28759
26021
269
8231
24977
9931
54713
3557
60161
50377
59263
12487
13339
6991
26017
37747
20161
58271
26141
54347
64237
8783
42821
17837
39161
51109
27689
19051
47569
64399
38377
41387
37649
27109
37397
22247
48193
39367
39521
27283
5693
57653
52457
54059
14249
8291
13619
47111
15877
55441
16741
40751
37693
39499
59957
25189
45763
21773
44651
4783
15497
48781
2683
6551
11777
56543
13177
55763
28477
41113
61363
1097
63577
19031
3407
9973
4421
23633
659
58147
56179
35251
23909
35999
28549
52253
883
55579
32413
8543
60679
61961
24281
6067
65413
40213
45569
32507
21737
6121
19457
1489
54563
51949
18059
14869
56843
11471
53611
64877
50177
65479
55681
17923
26111
13627
22817
43427
1163
1627
42499
49937
51479
53407
761
53569
2213
28649
50221
5519
20611
8693
36787
55201
9239
8647
59029
44789
2441
58901
10663
59557
9743
9497
44917
5717
46771
11597
36097
31643
53959
18413
54647
7639
64033
37507
46681
62983
36901
14173
33529
36529
32491
12451
16361
13381
46441
34261
20407
29311
22279
757
18679
16111
37663
37277
9323
46549
44549
1619
49639
50261
20177
42829
4021
47417
43037
59497
7927
49103
4673
29383
1499
53047
30559
36899
52153
59729
64067
49747
9649
8291
10271
16811
3067
65123
63709
41113
47881
4363
33211
227
5939
43991
21799
35533
35911
3181
13217
58337
11789
61031
5927
2441
50647
61583
30829
65179
17321
61493
5101
48649
33349
62801
9833
24137
35291
25903
3691
58763
24623
28429
33521
28789
43541
56737
31769
6311
45677
49169
37957
59447
41981
25469
42223
65033
47387
8867
41189
719
14303
49481
47797
39227
23447
62003
53617
19139
1973
65447
48463
5623
983
56989
10303
62347
65309
44381
55217
34841
32911
15473
63703
3121
56401
50111
46807
15739
57899
4019
10771
12343
10061
65353
54679
37039
28759
3229
18061
51713
46589
50261
4397
34123
1609
1367
30713
21221
36599
61949
17383
22567
53609
30259
35753
58237
9929
4441
56591
12451
14249
5791
12163
64661
19207
17909
14153
25171
29423
1153
20389
21517
12487
62819
21139
54709
21011
3797
7331
5639
36637
4099
56401
28057
49201
14419
54727
50741
8363
997
29251
48479
12037
307
37423
24683
39827
16187
59149
1283
62869
62497
14891
36479
6661
34513
43781
26141
54881
54493
57139
43633
56701
7127
6761
18427
55291
28307
46507
11329
20143
43103
36469
53549
8803
38699
58363
35999
32059
41
8087
4909
14071
14923
31541
34703
971
29599
45497
55001
3943
47963
33179
25609
17167
19051
19861
59051
26387
11677
14591
54151
1423
48563
683
57349
51869
5869
45293
10223
1013
13297
26849
60601
33769
41737
7681
19237
37967
37441
26417
21977
3319
44089
13553
58067
7589
35677
56093
25867
58189
17789
22739
17939
18743
39199
50383
40853
7529
61757
6947
58151
46049
39569
63199
60103
38723
50723
55849
60887
1549
28349
49627
5413
45439
54629
38767
53719
41759
22619
29287
28031
24179
2447
4547
59123
47581
22111
48761
65309
6197
10193
26387
3229
48239
36473
44887
55339
58313
44041
9461
36191
31543
34763
14447
52709
41513
48371
20873
9257
62053
5081
15107
36791
35081
43661
14767
7841
54011
9677
2579
22369
30341
24877
35851
46691
13147
58727
59833
34631
4283
9817
44983
29873
44071
15233
55897
20873
63607
28793
44549
36451
47881
30577
41681
54751
23833
34129
11411
21379
38153
61141
10093
47497
929
32653
83
9941
35879
27617
9043
43711
22787
11047
48497
4273
36653
58309
49463
16433
46861
49043
51829
1123
47629
15013
53047
10067
6967
64901
33923
463
61057
43133
349
8689
12497
26693
41651
47087
16333
27529
18743
3719
62617
12517
3187
16007
38177
63421
13093
56731
8363
2099
809
17341
47129
48481
49201
33053
4051
21563
4801
22859
14747
57641
10223
4679
15149
49433
26839
63127
83
19991
12899
24049
50581
8839
46681
43499
61871
53161
10271
37633
16693
39827
46199
21991
51683
43627
27631
20921
48271
9551
28309
27779
25943
35107
7151
55117
42193
18217
1487
35797
48299
5309
1753
39191
37423
29837
23197
37061
31277
44651
37253
24781
10859
1481
3079
34283
43201
56081
59369
8011
49993
59999
56509
54377
15427
37889
60259
10177
41179
61813
29243
3089
36277
54779
5417
13127
16103
27191
2843
19267
34849
26561
54767
58613
14537
41927
54833
58147
61141
63587
33469
18181
10781
52903
26833
37181
6451
63361
13649
5849
56093
25219
15887
61211
17467
21011
14731
6481
15061
48193
35059
13841
28229
35227
47317
54787
7369
20297
33637
22303
1499
30859
37223
40163
44789
49957
1321
58169
24473
15749
13291
4007
42863
24953
49367
11251
39367
27581
5581
6959
36137
21377
35771
57241
42509
22147
15859
32233
52561
9721
13249
12979
35569
20477
53791
21017
6571
37049
59107
20029
59053
6947
32441
52963
22921
7013
1117
16993
3217
21011
887
58067
6113
51427
51343
52861
21893
359
43103
54331
3659
60887
18541
58693
8929
42193
17569
63857
57713
56963
27953
47779
43133
56039
19753
22907
60497
48473
34949
61253
42649
39761
53623
45533
62003
49801
1091
51193
20149
8663
64747
4561
64763
48029
58363
64667
20389
4093
46957
4007
51061
64621
51949
31957
3109
26681
34747
23063
38447
22877
44131
19609
33359
51217
18169
30727
19927
7159
8837
32089
22133
9907
2287
1319
6659
4999
27253
17971
59
21391
113
62701
32083
8017
44587
34421
37699
53087
37339
8627
1979
40093
49307
9733
61553
4951
33827
13219
38993
45497
28843
10889
14813
49943
43787
29311
223
27277
39659
12703
46867
36563
61507
53003
13099
28597
64373
46601
24889
32401
65393
21379
21227
54167
5227
22901
47161
42379
46307
47293
58391
52291
53353
52951
57259
61981
5623
50411
55547
60209
37313
25657
63317
2339
52567
34351
53917
44281
56911
15511
12277
24071
35353
51437
1283
8537
17011
62233
4507
47287
38329
59621
58567
22739
5471
9497
9001
10993
14557
20599
5261
51503
3049
45863
7487
541
32503
31153
5879
46691
16963
8839
56489
54713
54917
58699
9859
39827
45179
19697
37181
64019
13681
6473
14723
24407
971
15329
50599
58391
39133
223
51347
22571
62303
9049
33301
53959
19801
17471
22817
10631
12799
40289
46477
28163
28729
62119
53783
27361
47339
20693
64763
41183
31817
38917
32633
8627
4621
30103
46399
28909
59093
46073
36307
59473
22469
18839
34483
15649
8287
461
12613
37097
2017
60679
56663
10613
9419
59693
38651
11503
20071
29137
40939
22853
19051
499
32717
3359
2347
22073
63467
62057
3061
51817
11863
33377
49207
24793
25457
42187
28793
32027
22111
24547
4751
1867
36473
11927
58013
24133
7867
60331
24317
32069
47417
35993
24763
55411
9497
35593
30983
601
47911
37579
5233
50101
15467
19919
10771
5743
17099
45259
26423
20981
38861
65179
48611
44101
21803
26561
56431
49103
3041
46451
6427
51631
4889
28201
1229
27197
4969
43609
61339
27059
12569
28817
27427
53407
54497
51769
61757
30493
59393
37717
28069
20441
37379
40763
31517
42397
47093
45137
21911
3461
1571
12049
13259
191
10267
53881
58897
883
57487
23473
19571
58099
61967
28027
57859
23057
8293
20663
49193
7907
32621
11777
25997
6863
60457
41479
1291
34549
15679
17851
63949
5903
43721
14771
63913
55057
32941
21157
1523
6637
9337
39869
27211
51193
49157
6361
61861
6257
62939
58271
25733
18253
61673
10789
12149
857
47147
56821
44687
61283
37511
27211
32353
40927
10427
40801
6211
14779
36683
54617
52103
7237
43609
3181
32563
63647
19163
5167
36571
46901
28571
19753
45613
1559
26921
53377
23593
20663
62921
45319
11909
12007
9749
2699
42859
64439
21347
47599
44939
18131
44101
379
1801
31193
31963
50549
23003
3989
54629
23041
32299
46747
58229
63781
11119
13799
48197
28447
45823
32051
41017
36749
28001
33739
719
21227
28477
61861
54547
2297
6481
32051
20789
26731
64333
32783
18719
34849
19073
2969
36721
20341
41399
54917
6361
9929
34603
57637
53
21227
34313
42487
34429
12619
13241
17827
3919
61559
31891
40849
25903
47969
38453
61837
17989
50753
41017
17449
11321
19309
1069
38783
11411
54361
8243
23857
64171
28211
10289
21617
31357
29339
23747
56893
33767
40487
41893
2243
49481
17389
30971
17551
55691
63079
8923
32213
25939
31769
18097
58579
26731
30941
26687
2927
26717
10687
32797
8527
59879
31123
52973
39157
4817
14969
23041
5303
821
5701
22277
30559
43481
21751
34649
2851
13171
4679
26861
46411
56767
7079
48131
8681
809
60611
41927
63809
23993
54497
17929
65147
60937
20231
12409
46153
2447
12343
7283
55337
28813
29803
10009
18671
6577
22541
15797
12829
31019
58027
57829
27673
3701
59219
63029
22063
21341
23741
2423
293
40231
39569
38219
51031
31237
16069
36779
35531
14563
11243
22079
29723
12973
35201
34303
43853
58337
35899
49199
62189
23609
44909
5399
30013
46307
23593
3109
8513
1319
35899
46049
1093
41479
51437
24953
27653
45979
2447
7309
65519
5573
1279
22279
9829
47933
59123
5573
15647
41621
21757
45893
31139
23767
33289
14423
2473
60271
62047
17387
15649
6961
37781
11743
541
31231
8581
28411
35221
35593
5519
52879
13687
25801
2459
28723
27737
60527
10973
35437
28793
4243
52081
38119
52511
35099
20029
5399
52807
40637
28051
52103
23201
33427
23339
7607
5903
12853
53731
12343
56747
41981
1447
61561
22091
22637
24103
45361
48341
8941
2909
15173
21839
38593
26317
33529
57373
18191
41813
64399
41333
15733
29879
23743
51679
38629
15767
233
52697
3019
743
23003
42709
36469
19141
5167
52267
11321
653
11399
31
15661
23719
4127
53609
53089
59621
51431
29123
42853
13781
15091
19681
44851
6701
11383
64663
14321
38639
42023
54917
46447
25999
31907
21893
5827
36187
523
5443
1447
31601
21017
44543
60257
12163
541
51427
28627
63709
19507
3389
20269
38977
15373
35537
47527
9349
56731
20249
30859
12637
53881
19843
3593
20149
15601
21943
56431
55903
27983
23993
7727
3701
18523
51239
23743
40009
21317
35993
15787
25609
21323
4799
61717
63467
20161
28123
50891
50363
41927
5449
62507
9817
3371
35227
52951
4783
64591
8783
4211
33113
6481
49597
36383
30253
60889
64037
38783
3517
10883
22783
2089
44221
57527
52561
57923
57829
44351
49171
60017
30529
60257
12517
57557
4373
61543
34511
51631
54767
24809
48449
59471
14051
48623
48953
34261
26863
64663
40577
15859
42667
48337
21613
10657
58727
14717
30241
59063
64499
2297
23873
47977
41851
49391
14771
18719
14969
50707
3557
19183
36097
61757
9109
55339
34877
54361
10733
7177
22637
38977
12143
12853
54469
50047
27739
31543
59581
751
65099
34231
6863
26783
32831
61057
12973
37511
12043
45061
63313
5651
42019
7121
47297
63277
18793
58171
37361
32413
13007
18401
2791
62939
3533
613
62927
23081
27743
12253
20483
59093
43991
45631
16069
49559
3719
63907
49999
54217
44867
56149
30851
52721
9967
48337
12007
34487
22247
13463
25849
3923
61751
50773
13691
12689
11987
56929
35677
52267
63901
29983
10691
12269
17351
21787
23813
45533
7549
35117
15313
55897
59539
49667
15263
57947
23753
45949
20879
35381
4211
27947
34039
20101
43997
57923
41479
16943
6997
6421
39383
54907
61879
3623
15319
33049
43997
22013
30139
28753
11393
63397
46219
24151
13499
6803
51973
52301
7841
36713
13879
63317
33211
49463
44207
34739
911
7451
8039
18797
43019
23203
15319
60223
6917
11057
42349
47147
991
55439
40039
13613
7927
5303
10939
21143
4211
43669
16451
33191
13757
49277
42019
36761
10711
22109
13901
36187
65323
20231
53117
59281
5113
5741
41081
51031
55511
18181
33923
59879
14797
20029
8597
8263
283
28961
28807
41413
63533
25471
42179
32077
22531
10067
49069
60913
36587
51899
44519
56519
53281
35251
42071
25189
9439
62467
49199
43427
10531
61609
30809
46451
887
397
39419
56663
24029
28933
39983
24229
42221
5197
30559
46099
18229
45233
17627
62723
42773
23893
46663
18679
3457
61909
31627
22871
60251
22079
42019
7759
51929
18743
14759
44741
49741
40253
28687
32117
53777
62659
6709
63929
52807
50821
8677
13451
41543
8819
33797
60521
1553
54917
38431
10321
13477
11867
48409
56569
16273
36583
33053
54277
19447
18223
6689
31723
25037
31741
34667
56737
13417
25349
43661
6197
34757
36011
48781
1993
53047
21521
53681
29243
7703
3343
34217
52807
1889
27061
33503
19267
58601
28687
38861
26591
32069
39509
56467
61261
6703
6737
21839
3583
37277
15661
34819
24631
53923
60679
62659
59467
53117
47969
41257
64499
2237
16889
46307
63617
5231
5431
20147
58537
14621
22409
59393
40849
29251
34781
34057
57679
21617
5749
52973
64951
12343
11093
39901
39719
4813
28351
1483
4217
45841
2549
40009
33637
49871
49991
32771
57947
10559
63073
5237
57593
38693
31511
5101
6491
8011
26293
3229
23339
37339
25343
1579
26633
49459
24001
25643
55217
24077
17827
56893
34157
63577
59123
38569
51421
1459
62743
51481
3727
60077
61223
2593
57347
32009
45821
40357
35069
54091
14867
13327
10427
38707
271
8627
36469
64717
62533
35491
28591
50767
35153
6779
8741
38377
45497
54949
62753
12697
6673
39239
26891
62383
13217
13177
39233
61283
27457
47149
41669
73
3109
60089
22639
34679
22481
18233
45289
59729
20543
13627
40357
38047
59513
51797
52981
57881
39041
36109
6779
37483
9059
31267
23459
7333
53611
19993
27581
16001
11047
12161
20921
13829
42457
24469
23873
1129
38611
23627
29833
58109
5783
46523
1409
47779
7351
16447
28603
22741
39397
19489
9209
59243
13147
30449
31973
4583
41759
25943
5839
43627
40973
16193
26633
1847
6911
17597
52291
61933
30367
16477
50969
47389
1303
16001
50971
5119
29819
14411
26993
11933
3217
39511
8573
2437
40699
42937
56857
51437
3847
11159
19603
35053
23509
53927
17401
45707
17551
65089
30911
56369
4673
33113
20903
10399
35363
44351
59879
35491
32887
56809
63487
52553
65413
4231
34259
31723
13633
35461
46457
14779
2213
36709
41687
29387
55849
34283
42787
15887
39769
57653
7043
61651
5059
61463
7933
29641
19013
4987
27541
34883
20347
5273
34549
48809
39749
13037
17189
31489
36997
15091
7027
57037
58543
47533
21661
15061
49339
30013
33599
46889
44027
65173
6833
60943
36383
15277
22447
23687
26687
53993
19681
9811
30971
18553
63533
31963
31123
49393
859
21179
24181
14029
52489
28759
63377
61379
62591
34211
48809
15313
53791
11069
43037
12781
59797
6829
17929
19609
33749
8819
9467
24889
56873
58207
17321
29009
34871
38189
57973
10321
65033
17909
9043
19469
61379
32401
19087
36497
35747
49597
16519
36007
2699
22549
37571
787
4273
20899
60589
51673
13907
34261
5023
36263
37549
5419
21751
36353
14461
40627
53479
40099
41161
18899
46757
27073
26141
55331
32713
12421
44839
35461
42407
26431
29297
7211
48131
49207
44159
57139
29921
4561
29327
7907
46573
56711
65393
62047
63607
45181
16759
33311
9403
15887
13913
36979
44357
13729
26669
14683
19949
773
59051
63127
19441
17359
3089
6637
57829
35977
24481
15149
761
63337
3449
39397
6709
53101
64067
43627
45491
58111
103
10937
14879
28151
31531
50581
15361
3109
26209
43019
39047
2741
44587
63073
11321
59693
64439
49613
26183
18199
56533
1579
49261
13967
28181
45827
16127
11251
50971
48193
5851
33871
43019
7879
62219
16829
857
43853
48487
24851
44563
42863
14591
379
32237
17609
21149
35279
53173
36313
17987
3571
17417
10733
14639
37633
8389
25321
21157
4091
4789
30817
23333
15307
24677
43201
46549
2221
7177
65053
63727
27283
2281
5303
64081
48371
46771
3617
64381
26317
14753
24007
31123
50873
32353
29581
39541
35149
62723
34147
28111
54583
46573
40813
44383
9479
14783
60887
50227
30803
48337
33331
73
25367
50159
27457
13903
38231
17077
937
24007
57287
41057
28463
46747
44641
65269
14071
7283
45763
22669
21467
29123
62213
5821
29287
32789
47501
19301
9199
59149
40163
61471
9749
61751
28559
36229
27277
21179
40709
8779
41213
6791
18253
1979
6299
9293
53233
64891
28669
35407
40847
37463
41927
5419
31139
3853
15823
2777
16787
11969
62507
10613
42641
20773
29723
6299
46727
33023
53899
54979
35027
17333
64381
3347
229
28793
46687
503
52567
2309
32009
2441
31237
52583
50129
51973
59219
18701
28477
37561
24677
46133
58913
16189
3359
35401
45853
62653
52363
25903
9391
60271
62497
4523
32621
12491
24421
5279
14779
1901
51341
13217
113
38119
53231
14771
2797
10631
42409
3529
55619
41117
48953
41117
49003
30911
20551
7057
6619
59417
3449
56569
39631
22133
34171
26821
50159
61681
42379
50587
13327
43721
14633
23357
2657
43933
36857
50873
2003
33589
56393
3889
17431
12967
30071
61001
7253
62861
33931
3469
51803
2801
4073
30389
59539
25741
57901
48523
49739
48397
22639
3359
50047
16001
3251
10513
17029
33961
44281
61483
6367
53813
55903
257
64901
22567
33679
51343
25999
30637
25589
23063
2
9349
49477
4639
59141
11927
30223
26119
10093
26321
34499
46861
61493
28433
4493
28439
16381
40739
5167
58211
64879
48131
26959
15739
4021
49999
4889
18919
40787
24043
48131
51361
56489
3301
28807
15319
59197
51913
7823
617
13159
18367
55411
46639
27647
6553
3607
56911
11437
38219
50231
6719
14479
38299
53791
2
7753
60041
12119
23227
33769
58579
19993
57667
49831
28591
17159
34487
27011
45631
4391
39227
3881
31963
36587
4861
4759
15901
13759
17467
64237
32099
12487
26717
11969
24239
227
32321
24907
63031
46381
54181
38083
7
49451
23053
56893
33589
27893
42961
46399
12119
13003
30271
40111
24917
11299
29129
24373
45827
61507
39191
50989
52901
40597
1033
37339
42281
11903
19763
26293
54437
56131
60077
10271
6563
63977
46769
6841
56131
51817
45061
11287
30341
23767
10859
2383
37361
6763
21407
16963
50047
5843
36979
25033
53507
13721
22369
61609
12149
18413
6719
65447
60601
27551
37189
8011
56081
63709
41057
701
33797
15263
56401
42157
23599
33857
35537
53759
24023
5407
6143
6163
23879
21817
21611
22871
22811
4801
64231
46051
45197
3947
8093
46703
10007
3547
59921
14767
38113
15289
11311
5927
457
62549
53147
51749
8179
36599
12809
36251
9883
28619
60611
229
35311
46643
7393
62219
54917
11519
6871
37993
10247
4721
59473
15647
36947
25943
52769
3467
30313
40193
16349
43403
11489
5669
12907
28211
37571
1453
16747
28403
12377
55807
25873
12763
44851
57751
23971
18959
35617
37139
8009
43331
23131
39769
56269
9281
37501
58453
9011
14423
32069
6829
49627
10211
33211
2803
27691
4801
12157
22783
45767
38839
22741
36097
7219
37277
19751
44279
1237
34303
9151
52121
36767
53299
4259
31247
10459
52543
49499
25747
42727
63377
40189
30509
29803
38921
55127
263
53897
13109
55997
907
31391
30269
21227
34159
3343
53857
14683
64433
19433
31397
11003
19139
6917
53069
33353
25339
7703
57329
36607
17911
32939
23581
26717
14731
30713
43051
33049
57163
42457
10753
42083
7603
15269
39877
16693
30977
40039
61031
15461
14369
62827
59929
8707
28631
64483
19381
15349
12703
30931
34303
41381
33119
22391
49919
47869
2857
9151
55691
7433
55213
20407
4481
40897
49811
3163
35111
653
14207
61609
38639
25639
48187
9521
21557
8273
7621
10559
32359
2801
47797
57089
13441
55171
11057
1783
15881
34847
24847
20753
14423
29129
38321
32839
13381
65437
8731
14897
19609
14633
63719
38651
49391
43711
53279
60703
42443
971
31883
40897
15731
33211
33937
50387
10091
17021
48869
46489
55921
57143
31963
6911
19319
56737
55681
41413
49787
28069
49433
60607
62921
33359
47143
35983
10891
53017
17957
41381
12553
7057
7759
26783
30449
18913
33413
11131
46349
56813
48523
9001
13229
6317
63313
58151
41077
52313
34469
11633
33317
40559
61547
55927
34877
4999
3373
1249
62047
54413
9239
22621
7297
25583
43579
49663
46933
54601
16363
39139
6577
23117
29009
33893
1063
49081
11909
30893
1571
32321
18731
54059
65111
9377
30971
47629
15373
58013
21727
709
13679
32441
23801
59443
53281
3709
23227
18661
19079
46091
46703
50503
30773
20807
47569
31379
59561
353
28183
45053
55903
1789
26821
34457
38431
47389
49559
28001
2089
57787
7213
50527
1877
61487
9587
353
6379
39779
44497
43151
36389
23929
21139
10151
10513
25733
6247
41183
31727
15877
3821
58043
58937
39359
34141
2999
4583
25057
54949
37853
53147
33487
3719
22573
9323
3109
48337
5813
6197
5333
40507
22741
60077
24317
24077
41687
29077
36017
34471
17627
48163
44773
22109
4483
55733
29537
26261
59447
41687
7043
48847
23447
15877
8803
42641
5417
47351
52697
9791
14683
42773
17393
41179
6607
41443
54443
12899
58901
13693
35537
48397
58427
53309
10663
19927
47963
29399
42961
1847
6113
43609
60413
4973
63097
40039
7457
24763
50123
31799
1009
40289
42937
13099
63463
45613
25919
36583
56131
36277
10687
48593
46183
3181
19577
8861
9491
31513
35569
34589
23623
25847
34231
4793
2473
20809
7927
42349
12619
58897
37699
30119
49297
6449
42017
46147
58771
20743
32573
23473
17053
32327
53681
9521
51839
22907
17987
36877
47059
11903
40213
20641
9733
14891
21319
62653
10723
33889
55987
2729
65003
3121
41651
51047
47951
26849
14533
42689
44959
773
29327
5297
6949
27077
37363
7901
10243
36299
33769
49811
44129
2053
45707
62473
41543
40577
55609
40529
25303
23801
65437
31991
25601
49037
49891
48079
16223
28087
3343
12541
8753
13001
38707
35129
9851
4451
38923
40709
10847
35051
32563
48371
34283
36643
62351
27799
23677
6869
11689
2129
2089
16993
3877
28411
12263
54959
39901
569
37
62131
51407
48221
9391
42853
34039
6661
42943
51593
65167
24151
55501
56473
33347
33347
43283
63743
1049
30047
42937
40739
15077
64063
45259
4603
24691
12613
25903
31543
19793
34129
65353
40351
36643
26021
5501
4639
36037
10459
55843
42407
24421
57689
48679
55763
2917
9811
33179
56993
349
35531
41413
8191
19751
8069
31511
44389
4583
19013
41879
14797
10867
51929
3607
7477
5701
45281
3
26263
59243
3359
27431
33563
50387
50093
63179
43499
46049
14249
241
45497
4987
44579
11783
32359
30491
34253
35083
25799
4621
1039
41893
50627
3557
58367
45131
43261
16447
52639
251
10343
33851
3301
51907
14797
14747
31573
8461
21799
53507
4259
44729
49927
62897
51131
55541
52553
58913
22349
43411
3967
36541
2347
12227
31573
31741
30509
63211
19427
6637
62929
43951
43331
49169
6637
59149
24071
15161
36671
14759
2953
10597
24203
24953
35111
35863
14011
44041
25913
52543
19141
27793
16141
787
25693
23003
22469
64439
48541
17839
44651
34679
34963
19249
7789
53897
23857
31771
58657
7741
20101
22453
10861
55621
22307
28517
56873
3923
719
51241
21929
12241
35281
18233
30911
26017
21991
28643
44053
65309
45823
52457
41227
22877
9293
13337
5119
40823
16381
20269
38197
57349
57557
49499
23833
42221
12379
52127
36529
21997
36313
58171
23081
44041
30593
16903
17599
22699
5501
39719
3083
51517
52567
42751
56711
50111
55373
36313
9067
20599
4547
15607
12569
59497
28057
9029
47293
26813
17747
62873
8863
14557
51229
49459
34841
42773
12959
16787
55711
21341
3989
46619
30809
37607
1657
33013
3313
23917
34301
40361
52981
24151
9781
62939
58411
8737
32749
48371
58567
47441
59077
34231
58967
3061
45061
42181
56467
36677
139
9839
1097
29131
7001
7321
36551
33937
3733
55711
64433
2239
44021
55663
45673
53353
64783
23623
41047
31193
42743
16931
39079
53591
62459
27031
46507
31019
41887
1741
59387
47609
41011
62171
38699
9587
42557
41641
163
33751
16553
24137
61031
32159
65447
49433
62383
34961
23063
34297
7507
41213
1367
12263
56809
21839
24683
8369
48259
22853
911
29453
63541
7993
10529
43627
38321
56963
37799
44021
28151
8369
42643
491
7207
7873
25523
17053
31397
41113
18521
40961
22273
23627
17539
37201
12451
50993
25873
60679
8663
12527
131
6869
12497
24373
4409
56207
31081
15679
5011
51383
24611
23053
42989
383
59239
56053
34129
12979
51341
32971
46633
14207
55351
8803
7541
42101
12479
41519
30181
45077
23417
56873
54773
13099
24977
17881
48157
6827
54367
60607
27103
63331
25801
25673
83
27647
49603
50957
27739
15581
42797
4943
37061
52963
28211
57089
29917
28319
55681
27409
9041
6151
55201
41981
29399
25411
65171
23099
11867
1171
24517
38767
49499
38281
9923
35447
28687
65033
37397
23117
59233
29339
32299
2879
2803
569
36473
20879
30757
40459
53891
29633
55171
54559
7963
56263
20333
29027
17911
29573
199
25939
51479
49919
53279
49757
24019
45943
37831
16363
41389
44633
64667
54727
37223
48647
65011
31859
65011
5981
4093
45853
15193
20123
4759
35221
20177
27299
21433
35339
56527
31873
45007
22613
7823
38669
39679
65393
1297
11863
48973
7489
2179
10529
38177
20743
22937
44959
36217
54709
42157
46933
32633
43051
25643
13903
17627
41333
52453
24239
31237
1021
3307
10091
63127
56113
24677
43271
32069
1327
14731
48121
47743
58189
6827
11783
33479
6361
32083
32173
57751
859
36389
64451
61483
15731
40559
51263
9067
58321
59791
21751
42299
43717
34703
29297
13633
4643
34679
55903
47353
2423
9967
631
60149
25453
52579
23293
29269
53069
44131
16451
13903
13873
25693
41521
17341
38593
9043
64921
19913
44087
40357
59113
60647
52183
3253
47093
27803
22973
15761
38953
33347
31607
49339
14923
46441
5501
27031
59629
49333
21523
29059
7489
26203
18397
44839
61511
13697
35381
1091
46183
24001
1607
28111
1873
5821
41593
9239
18143
24919
12037
27763
46489
9283
51197
61291
19267
3923
2267
14533
5431
6547
25309
2803
2803
53279
21617
51797
42923
24179
19373
3607
45083
431
25463
17189
8681
2887
947
39019
4729
57593
14107
33503
63761
3797
17041
35527
21521
22643
54647
48571
22153
37957
25339
30103
12703
30109
33529
2459
997
47737
17807
61031
48623
50591
9907
47431
59929
43777
41039
18461
18661
48163
8539
43591
60623
38083
29101
4877
17569
7583
20287
42187
22247
12149
63841
13007
55021
35729
9539
27407
27127
26041
53777
2131
1097
19687
9887
58211
33413
4561
53479
41737
36527
37591
49727
6491
10009
55291
57349
60607
54667
58363
30367
53609
45751
7213
49783
7027
56099
15017
15053
13997
53051
15607
16691
1997
30937
54829
24329
6659
11467
11833
3631
23669
17681
11119
49277
63809
64951
29873
26959
11519
39241
37619
25391
1609
9901
8069
39043
23131
50891
20681
9941
55721
19553
11551
48733
7151
44041
45631
32801
1709
59159
58393
53633
63781
38201
22259
64333
60493
12671
58193
46511
32371
19391
26249
63587
36241
14737
31123
55829
29879
11261
12697
12491
25303
53923
53267
45329
8243
53719
64063
2087
19207
64679
57193
42299
31181
14419
59281
45259
23773
12301
37309
17959
17189
30059
37997
19937
47353
9631
62191
15139
48989
40429
34949
23537
24379
64067
16339
1699
7529
28621
39971
21647
54629
63059
15749
56821
3571
54583
41257
16487
41843
37277
48823
49871
19681
20357
48677
35759
45943
46261
9007
50231
29287
52861
26113
65183
1171
61813
17077
15053
317
40819
103
51827
28429
11093
19373
40213
10427
49787
62011
48973
59
36319
36187
56731
16889
16087
29879
47933
6211
57901
41813
37967
23677
22171
37799
17891
4157
311
11087
14489
45361
27127
40739
21187
24943
60661
24767
8609
43789
24499
38791
40507
34031
17573
19211
33637
43891
43613
36353
22279
52631
39191
5333
25121
60659
54347
8761
4349
46523
5519
30491
45083
59377
60317
10973
30689
38281
9467
6971
42683
42737
32377
5167
52957
48847
13829
30427
18191
27737
22271
23893
6469
56807
9181
64901
28859
60443
50587
43753
49531
10369
659
8543
51043
51719
17321
3089
22469
42953
10891
10729
37357
20681
39103
21401
33013
1193
53161
21227
26339
60029
17597
5711
44263
41681
4111
54449
52249
52069
19841
607
6397
13757
17957
31891
64877
6007
137
59617
17137
15173
59119
7703
50047
49123
41357
4889
3019
3907
8627
60689
56599
227
22273
58393
337
11311
15263
12347
6703
40427
15991
8629
2273
4567
12251
16103
64783
20983
35771
61511
22013
31181
33679
52859
17291
7069
54049
39703
26693
10477
48407
62753
52583
17807
14867
131
2003
52321
61781
50177
24977
58153
23627
44071
44879
41893
21377
25703
56873
1783
14387
5011
35899
13553
36383
64709
2243
51899
13457
1279
41981
20147
59771
35797
50273
4649
15823
32533
23971
28703
30047
64333
51059
7757
40127
4861
61991
36383
151
62791
9187
45613
8039
5623
5171
24107
36299
22109
27883
52697
63377
49031
40801
27743
30103
23689
64091
22543
21211
6833
37313
31891
797
7103
30671
27277
63703
24923
28403
20177
55547
2131
30091
14969
36229
48109
61409
7213
17989
12043
11717
9547
51197
55049
6473
30431
50461
4691
39883
9323
2503
62873
55021
16561
43579
10979
59093
42979
9551
60353
43117
63493
57641
15193
24953
39133
21247
15193
35111
46181
23977
58099
18959
48883
6911
33871
58921
5683
51263
47819
42379
47287
55381
6997
20593
40151
10181
5903
22811
45413
21499
31259
38321
7027
28031
42751
63977
1033
8677
63913
51263
54013
51287
47657
3257
3257
43541
13093
55631
32941
7577
64661
29311
311
11321
5413
15859
23671
58153
1459
2063
26849
15443
48907
14683
49801
47129
251
2221
13217
49463
28517
29017
12071
60611
22483
55201
10867
28349
14767
34703
15493
42773
42101
28649
5783
7993
32233
47939
2383
2609
5581
28493
18223
6089
54287
54403
8689
65173
62417
6121
16333
17231
57899
2099
50753
36341
6823
20879
10253
42703
52027
44087
53617
34519
61979
46867
2693
45763
18911
9511
22129
52453
60649
46147
64879
45131
10177
23417
39439
5437
401
52387
51329
2203
24551
27943
56393
53773
51241
11959
27763
29873
56009
51647
12893
6367
45007
39827
11719
11503
43271
3779
23581
46471
24847
16453
7583
3347
42197
35521
19037
24083
32189
42409
26263
18199
13049
57503
46049
42697
11321
13789
54377
7307
29927
36151
1597
12517
34583
18289
19403
36479
53693
8273
36541
55717
5927
20749
40531
3571
7789
18289
23269
52901
60167
28151
127
61609
43961
17579
5647
39419
20693
19301
20899
46559
28627
5119
6673
5387
45061
23011
23747
44021
20297
2657
34703
49003
17471
46237
57791
51047
32009
17987
18329
56081
57727
34469
2999
26513
57149
60679
33091
19759
45853
3637
49711
39761
433
50377
54269
7019
55073
40037
61583
1229
50821
6977
27691
44771
25633
397
15973
16189
62533
271
53831
40163
16981
55621
41221
54217
20063
19759
15649
5683
10861
17471
24907
5851
41593
50231
52571
34897
38459
5531
1483
27743
19919
41947
41687
13121
65447
12253
45599
4127
14149
10937
42293
29587
14011
40123
58537
42323
42299
3217
14159
25111
21347
31859
24179
30181
38669
11003
25147
33199
36871
37447
31667
8017
19181
19963
11933
39107
57917
2473
5801
41801
44987
40487
7321
33413
15277
59113
12703
19207
11197
11689
38219
32027
28201
59243
37379
53759
6011
1193
63527
1039
22067
1433
8117
15439
29179
11483
42499
3301
24043
55079
46691
7607
16091
48623
35671
2131
51131
11351
17839
30047
40529
25913
61553
48299
29717
7993
51803
15727
17317
48449
52639
13309
31607
4243
32537
21991
33487
33359
32443
51769
32191
2971
1693
23789
13267
57527
55681
30941
24137
13219
22229
31477
18133
56527
39113
62533
18593
7639
35221
21011
59021
31799
45259
58727
56377
24509
65407
56591
51263
17609
16691
62081
11467
59957
40693
13267
28793
2719
2267
65141
31741
3343
21739
11071
33563
12983
45317
12547
42649
49663
9323
49333
50461
28151
44741
53569
12517
35677
4409
2311
919
8963
54577
31573
63331
46307
50111
51563
30271
39719
47917
14629
40903
47939
40627
10739
10463
61751
39607
15667
64381
32299
24407
44651
61981
5393
52631
59539
50543
13763
26309
51329
41597
2179
12713
39367
2039
34273
2393
19381
24439
54499
29723
51133
35837
37619
9791
1613
3947
10321
11239
50021
35753
26399
33287
41887
54091
58573
6793
9049
55921
31013
18461
46633
47599
39397
52571
3251
14389
20887
20147
27611
56267
58979
15643
17791
6761
65123
17321
62653
61819
53759
1307
61687
27397
20789
8807
20117
9241
24113
28627
7019
31963
55733
63617
50093
53899
40699
59557
2357
15461
16811
63473
44221
47161
42283
9791
27059
62347
59467
25847
60647
3319
33533
11503
32491
42473
60293
38543
43579
55117
10273
22037
9137
16943
28859
15373
37649
13337
37309
3617
17317
7541
2729
7393
23633
34747
5441
29009
52301
14303
19163
53051
39541
48109
10867
25339
20857
20627
49529
30341
53147
48163
50683
5323
15791
48883
32561
26387
41593
43117
20627
8609
27947
56951
26111
11261
54539
1151
19949
41903
56897
61493
21751
41863
25121
7309
15319
62791
33923
39397
19961
26891
18701
13219
16487
65393
63197
42961
10957
54319
5521
55487
10723
16433
12659
27773
35993
22091
6827
47119
5839
40487
16619
26003
14347
19961
63311
18077
50177
54973
6067
41981
30949
26459
58549
30449
30649
22153
2213
32381
42953
56827
37039
41387
15737
19211
5441
33797
59407
36587
40591
44171
65011
49033
34847
27701
199
23581
46237
40639
31699
26849
5387
13313
64433
18713
421
36457
3413
21149
2557
51683
2617
11579
28447
47609
43801
18097
19927
51511
47381
51437
48271
25819
60953
9041
17053
2927
54181
46591
2549
41081
44449
10079
62459
23831
46757
50119
38669
63337
33751
17383
19867
57977
2267
64793
40357
5417
65521
16747
6343
21739
64747
13567
52321
34147
6599
25633
63419
64853
13873
19237
42403
35279
61651
39679
21977
6197
4651
13907
49207
32297
41143
58913
1091
16829
11579
30389
30557
62099
60899
10313
57223
36671
15727
34499
1579
7331
16607
9203
1277
29009
37123
1483
4657
51449
40813
17807
10477
50833
50147
15551
36277
33889
19949
16007
49801
19433
9539
32797
19919
53927
1667
43781
67
28817
64717
14303
40609
33829
1163
14461
1931
46919
51131
5153
2137
4231
5147
27059
4241
7127
51829
47269
1669
53593
52363
32579
25391
29723
50773
63179
14249
2207
8221
3853
7589
53917
15461
8627
28289
33469
2621
28349
39563
17903
25717
17189
37747
59069
31321
8581
51511
64811
33773
661
9931
26711
31181
31627
8237
50263
36791
42643
2129
33493
39551
48163
11047
13487
1777
48029
19687
16267
4027
34421
4373
63443
60293
35801
5431
54083
5653
20599
33569
14779
33703
4391
41203
60923
7211
38891
40193
28393
64217
48871
42937
33289
14389
4483
48733
1999
50969
40423
6211
55381
59359
20117
55127
34511
52919
38459